0000000000000000
0000000000000000
0000000000000000
0000000000000000
0000000000000000
0000000000000000
0000000000000000
0000000000000000
0000000000000000
0000000000100000 
0000000000000000
0000011111010000 
0000000010011111 
0000011111010000 
0000000010011111 
0000000000000000 
0000000000000001 
0000000000000001 
0000000000100110
0000000000011110
0000000000110101
0000000000101000
0000000001011110
0000000010001111
0000000010011110
0000000001001011
0000000001010011
0000000010011010
0000000010010001
1100010000000000
0000100000101100
0001010000001010
0010000000110011
0000010000001100
0001100000000001
0000100000001100
0010110000110100
0000010000001110
0000100000001100
0000010000101100
0001010000101101
0010010000110101
0000010000001100
0001100000000001
0000100000001100
0000010000101100
0001010000001010
0010000000110111
0000010000001101
0001100000000001
0000100000001101
0010110000110110
0000010000001101
0001100000000001
0000100000001101
0000010000101101
0000010100001010
0001100100001110
0000100100001011
0001010000001011
0010000000111010
0000010000101101
0000010100001010
0001100100011111
0000100100001011
0001010000001011
0010000000111010
0000010000101101
0000010100001010
0001100100000001
0000100100001011
0001010000001011
0010000000111010
0010110000111011
0000010000001101
0001100000000001
0000100000001101
0000010000010010
0001100000000001
0000100000010010
0000010000010000
0000100000010001
0000010000101101
0010000000111001
0001010000001010
0010010000110101
0000010000001101
0001100000000001
0000100000001101
0000010000010001
0001100000000001
0000100000010001
0010110000110011
0000010000001101
0001100000000001
0000100000001101
0000010000101101
0001010000001010
0010000000111000
0000010000101101
0000010100001010
0001100100001110
0000100100001011
0001010000001011
0010000000111000
0000010000101101
0000010100001010
0001100100011111
0000100100001011
0001010000001011
0010000000111000
0000010000101101
0000010100001010
0001100100000001
0000100100001011
0001010000001011
0010000000111000
0000010000101101
0000010100001010
0001100100000010
0000100100001011
0001010000001011
0010000000111000
0000010000101101
0000010100001010
0001100100000101
0000100100001011
0001010000001011
0010000000111000
0000010000101101
0000010100001010
0001100100001101
0000100100001011
0001010000001011
0010000000111000
0000010000101101
0000010100001010
0001100100001100
0000100100001011
0001010000001011
0010000000111000
0010110000110101
0000010000001110
0000100000001100
0000010000101100
0000010100101100
0001010100001010
0010000100111100
1100100000000100
0000010000001100
0001100000000001
0000100000001100
0010110000111101
0000011000010010
1100101000000001
0000011000010001
1100101000000001
0000000000000000
