0000000000000000
0000000000000000
0000000000000000
0000000000000000
0000000000000000
0000000000000000
0000000000000000
0000000000000000
0000000000000000
0000001111101000 
0000000000000000
0000000000000000
0000000000000000
0000000000000000
0000001111101000 
0000000010011010
0000000010100111
0000000010011011
0000000010101100
0000000010110000
0000000000000000
0000000000000000
0000000000000000
0000000000000000
0000000000000000
0000000000000000
0000000000000000
1100010000000000
1100100000000001
0000100000101010
0000010000001010
0001100000000001
0000100000001010
1100010000000000
1100100000000001
0000100000101010
0000010000001010
0001100000000001
0000100000001010
1100010000000000
1100100000000001
0000100000101010
0000010000001010
0001100000000001
0000100000001010
1100010000000000
1100100000000001
0000100000101010
0000010000001010
0001100000000001
0000100000001010
1100010000000000
1100100000000001
0000100000101010
0000010000001010
0001100000000001
0000100000001010
1100010000000000
1100100000000001
0000100000101010
0000010000001010
0001100000000001
0000100000001010
1100010000000000
1100100000000001
0000100000101010
0000010000001010
0001100000000001
0000100000001010
1100010000000000
1100100000000001
0000100000101010
0000010000001010
0001100000000001
0000100000001010
1100010000000000
1100100000000001
0000100000101010
0000010000001010
0001100000000001
0000100000001010
1100010000000000
1100100000000001
0000100000101010
0000010000001010
0001100000000001
0000100000001010
1100010000000000
1100100000000001
0000100000101010
0000010000001010
0001100000000001
0000100000001010
1100010000000000
1100100000000001
0000100000101010
0000010000001010
0001100000000001
0000100000001010
1100010000000000
1100100000000001
0000100000101010
0000010000001010
0001100000000001
0000100000001010
1100010000000000
1100100000000001
0000100000101010
0000010000001010
0001100000000001
0000100000001010
1100010000000000
1100100000000001
0000100000101010
0000010000001010
0001100000000001
0000100000001010
1100010000000000
1100100000000001
0000100000101010
0000010000001010
0001100000000001
0000100000001010
1100010000000000
1100100000000001
0000100000101010
0000010000001010
0001100000000001
0000100000001010
1100010000000000
1100100000000001
0000100000101010
0000010000001010
0001100000000001
0000100000001010
1100010000000000
1100100000000001
0000100000101010
0000010000001010
0001100000000001
0000100000001010
1100010000000000
1100100000000001
0000100000101010
1100010000000000
0000100000001011
0000010000101111
0000010100101111
0000100100001100
0001010000001011
0011110000110000
0101010000000000
0001100000000001
0000100000001101
0000011100001111
0001011100001010
0011111100110011
0000010000001111
0001100000000001
0000100000001111
0000010000101111
0000010100101111
0001010000001011
0011110000110001
0101010000000000
0001100000000001
0000100000001110
0000011000001101
0001011000001110
0011111000110100
0010110000110010
0000010000001100
1100100000000001
0000000000000000
0000000000000000
0000100100001100
0000100000001101
0010110000110010
